id,uid,candidate_name,key,matched_name
3923,04391,Abdul Ghaffar,uuid:1fd63ccb-6804-4849-867c-0af59688829f,Abdul Gaffar
